 
97
1 0
97
11 0.015625
97
21 0.015625
97
31 0.015625
97
41 0.015625
97
51 0.03125
97
61 0.03125
97
71 0.03125
97
81 0.03125
97
91 0.046875
97
101 0.046875
97
111 0.046875
97
121 0.046875
97
131 0.0625
97
141 0.0625
97
151 0.0625
97
161 0.0625
97
171 0.078125
97
181 0.078125
97
191 0.078125
97
201 0.078125
97
211 0.09375
97
221 0.09375
97
231 0.09375
97
241 0.109375
97
251 0.109375
97
261 0.109375
97
271 0.109375
97
281 0.125
97
291 0.125
97
301 0.125
97
311 0.125
97
321 0.140625
97
331 0.140625
97
341 0.140625
97
351 0.15625
97
361 0.15625
97
371 0.15625
97
381 0.15625
97
391 0.171875
97
401 0.171875
97
411 0.171875
97
421 0.1875
97
431 0.1875
97
441 0.1875
97
451 0.203125
97
461 0.203125
97
471 0.203125
97
481 0.203125
97
491 0.21875
97
501 0.21875
97
511 0.21875
97
521 0.234375
97
531 0.234375
97
541 0.234375
97
551 0.25
97
561 0.25
97
571 0.25
97
581 0.265625
97
591 0.265625
97
601 0.265625
97
611 0.28125
97
621 0.28125
97
631 0.28125
97
641 0.296875
97
651 0.296875
97
661 0.296875
97
671 0.3125
97
681 0.3125
97
691 0.3125
97
701 0.328125
97
711 0.328125
97
721 0.34375
97
731 0.34375
97
741 0.34375
97
751 0.359375
97
761 0.359375
97
771 0.359375
97
781 0.375
97
791 0.375
97
801 0.390625
97
811 0.390625
97
821 0.390625
97
831 0.40625
97
841 0.40625
97
851 0.421875
97
861 0.421875
97
871 0.421875
97
881 0.4375
97
891 0.4375
97
901 0.4375
97
911 0.453125
97
921 0.453125
97
931 0.46875
97
941 0.46875
97
951 0.484375
97
961 0.484375
97
971 0.484375
97
981 0.5
97
991 0.5
97
1001 0.515625
97
1011 0.515625
97
1021 0.515625
97
1031 0.53125
97
1041 0.53125
97
1051 0.546875
97
1061 0.546875
97
1071 0.5625
97
1081 0.5625
97
1091 0.5625
97
1101 0.578125
97
1111 0.578125
97
1121 0.59375
97
1131 0.59375
97
1141 0.609375
97
1151 0.609375
97
1161 0.625
97
1171 0.625
97
1181 0.625
97
1191 0.640625
97
1201 0.640625
97
1211 0.65625
97
1221 0.65625
97
1231 0.671875
97
1241 0.671875
97
1251 0.6875
97
1261 0.6875
97
1271 0.703125
97
1281 0.71875
97
1291 0.71875
97
1301 0.71875
97
1311 0.734375
97
1321 0.75
97
1331 0.75
97
1341 0.765625
97
1351 0.765625
97
1361 0.78125
97
1371 0.78125
97
1381 0.796875
97
1391 0.796875
97
1401 0.8125
97
1411 0.8125
97
1421 0.828125
97
1431 0.828125
97
1441 0.828125
97
1451 0.84375
97
1461 0.859375
97
1471 0.859375
97
1481 0.875
97
1491 0.875
